#-----------------------------------------------------------------------
# Metastable states LJ/s fluid; NEMD simualations Elongated Box
#-----------------------------------------------------------------------
# Used in Figures 9 and 10
#-----------------------------------------------------------------------
# T*  rho*  p*	       1/rho*	Z	    (Z-1)/rho	beta*ares	beta*gres
#-----------------------------------------------------------------------
0.650	0.000	0.0000	1.000   -7.438   0.000	-999    -999
0.650	0.005	0.0031	200.000	0.957	-8.615	-0.040	-4.382
0.650	0.010	0.0060	100.000	0.923	-7.692	-0.083	-3.765
0.650	0.015	0.0086	66.667	0.884	-7.726	-0.119	-3.434
0.650	0.020	0.0110	50.000	0.845	-7.731	-0.160	-3.227
0.650	0.025	0.0131	40.000	0.808	-7.680	-0.196	-3.077
0.650	0.030	0.0149	33.333	0.762	-7.949	-0.237	-2.982
0.650	0.035	0.0165	28.571	0.725	-7.849	-0.275	-2.902
# 0.650	0.040	0.0122	25.000	0.471	-13.231	-0.325	-3.073
# 0.650	0.045	0.0117	22.222	0.401	-13.318	-0.398	-3.099
# 0.650	0.050	0.0119	20.000	0.366	-12.671	-0.457	-3.086
# 0.650	0.055	0.0094	18.182	0.263	-13.406	-0.527	-3.165
# 0.650	0.060	0.0097	16.667	0.248	-12.530	-0.588	-3.153
# 0.650	0.065	0.0094	15.385	0.222	-11.976	-0.653	-3.165
# 0.650	0.070	0.0093	14.286	0.204	-11.378	-0.708	-3.164
# 0.650	0.075	0.0089	13.333	0.183	-10.894	-0.767	-3.174
# 0.650	0.080	0.0025	12.500	0.049	-11.889	-0.819	-3.296
# 0.650	0.085	0.0016	11.765	0.029	-11.420	-0.883	-3.319
# 0.650	0.090	0.0014	11.111	0.024	-10.840	-0.933	-3.317
# 0.650	0.095	0.0008	10.526	0.013	-10.385	-0.992	-3.333
# 0.650	0.100	0.0011	10.000	0.017	-9.832	-1.037	-3.323
# 0.650	0.105	0.0012	9.524	0.018	-9.351	-1.091	-3.326
# 0.650	0.110	0.0007	9.091	0.010	-8.999	-1.131	-3.328
# 0.650	0.115	0.0006	8.696	0.008	-8.627	-1.181	-3.335
# 0.650	0.120	0.0009	8.333	0.011	-8.240	-1.217	-3.326
# 0.650	0.125	0.0007	8.000	0.008	-7.934	-1.263	-3.334
# 0.650	0.130	0.0001	7.692	0.001	-7.685	-1.296	-3.336
# 0.650	0.135	0.0000	7.407	0.000	-7.406	-1.340	-3.342
# 0.650	0.140	-0.0004	7.143	-0.004	-7.173	-1.370	-3.341
# 0.650	0.145	-0.0009	6.897	-0.009	-6.962	-1.412	-3.352
# 0.650	0.150	-0.0005	6.667	-0.005	-6.697	-1.440	-3.342
# 0.650	0.160	-0.0008	6.250	-0.007	-6.296	-1.505	-3.345
# 0.650	0.170	-0.0007	5.882	-0.007	-5.921	-1.566	-3.345
# 0.650	0.180	-0.0014	5.556	-0.012	-5.622	-1.623	-3.350
# 0.650	0.190	-0.0012	5.263	-0.010	-5.316	-1.678	-3.349
# 0.650	0.200	-0.0009	5.000	-0.007	-5.035	-1.730	-3.346
# 0.650	0.220	-0.0016	4.545	-0.011	-4.597	-1.826	-3.351
# 0.650	0.240	-0.0128	4.167	-0.082	-4.507	-1.916	-3.425
# 0.650	0.260	-0.0032	3.846	-0.019	-3.919	-2.003	-3.369
# 0.650	0.280	-0.0023	3.571	-0.013	-3.616	-2.075	-3.360
# 0.650	0.300	-0.0155	3.333	-0.080	-3.599	-2.149	-3.433
# 0.650	0.320	-0.0043	3.125	-0.020	-3.189	-2.216	-3.376
# 0.650	0.340	-0.0053	2.941	-0.024	-3.011	-2.278	-3.381
# 0.650	0.360	-0.0048	2.778	-0.021	-2.835	-2.336	-3.379
# 0.650	0.380	-0.0041	2.632	-0.017	-2.675	-2.392	-3.376
# 0.650	0.400	-0.0046	2.500	-0.018	-2.545	-2.444	-3.378
# 0.650	0.420	-0.0199	2.381	-0.073	-2.555	-2.495	-3.435
# 0.650	0.440	-0.0086	2.273	-0.030	-2.341	-2.544	-3.395
# 0.650	0.460	-0.0090	2.174	-0.030	-2.239	-2.589	-3.396
# 0.650	0.480	-0.0094	2.083	-0.030	-2.146	-2.634	-3.398
# 0.650	0.500	-0.0223	2.000	-0.069	-2.137	-2.675	-3.437
# 0.650	0.510	-0.0100	1.961	-0.030	-2.020	-2.696	-3.400
# 0.650	0.520	-0.0079	1.923	-0.023	-1.968	-2.716	-3.393
# 0.650	0.530	-0.0091	1.887	-0.027	-1.937	-2.736	-3.397
# 0.650	0.540	-0.0233	1.852	-0.066	-1.975	-2.755	-3.437
# 0.650	0.550	-0.0076	1.818	-0.021	-1.857	-2.775	-3.394
# 0.650	0.560	-0.0285	1.786	-0.078	-1.925	-2.793	-3.451
# 0.650	0.570	-0.0399	1.754	-0.108	-1.943	-2.813	-3.483
# 0.650	0.580	-0.0069	1.724	-0.018	-1.756	-2.831	-3.394
# 0.650	0.590	-0.0105	1.695	-0.027	-1.741	-2.849	-3.404
# 0.650	0.600	-0.0103	1.667	-0.026	-1.711	-2.866	-3.403
# 0.650	0.610	-0.0128	1.639	-0.032	-1.692	-2.883	-3.410
# 0.650	0.620	-0.0143	1.613	-0.035	-1.670	-2.900	-3.413
# 0.650	0.630	-0.0139	1.587	-0.034	-1.641	-2.916	-3.412
# 0.650	0.640	-0.0203	1.563	-0.049	-1.639	-2.932	-3.427
# 0.650	0.650	-0.0292	1.538	-0.069	-1.645	-2.949	-3.449
# 0.650	0.660	-0.0671	1.515	-0.156	-1.752	-2.966	-3.538
# 0.650	0.670	-0.2438	1.493	-0.560	-2.328	-2.986	-3.946
0.650	0.680	-0.2699	1.471	-0.611	-2.369	-3.010	-4.007
0.650	0.690	-0.2589	1.449	-0.577	-2.286	-3.033	-3.981
0.650	0.700	-0.2331	1.429	-0.512	-2.160	-3.056	-3.925
0.650	0.710	-0.2028	1.408	-0.439	-2.027	-3.076	-3.858
0.650	0.720	-0.1627	1.389	-0.348	-1.872	-3.097	-3.773
0.650	0.730	-0.1124	1.370	-0.237	-1.694	-3.113	-3.665
0.650	0.740	-0.0540	1.351	-0.112	-1.503	-3.130	-3.544
0.650	0.750	0.0159	1.333	0.033	-1.290	-3.143	-3.398
0.650	0.760	0.0972	1.316	0.197	-1.057	-3.156	-3.234
0.650	0.770	0.1906	1.299	0.381	-0.804	-3.164	-3.045
0.650	0.780	0.2955	1.282	0.583	-0.535	-3.172	-2.838
0.650	0.790	0.4120	1.266	0.802	-0.250	-3.175	-2.608
0.650	0.800	0.5409	1.250	1.040	0.050	-3.177	-2.360
0.7	0.000	0.000	0.000	1.000	-6.378	0.000	-999.000
0.7	0.005	0.003	200.000	0.969	-6.286	-0.032	-4.361
0.7	0.010	0.007	100.000	0.937	-6.286	-0.063	-3.731
0.7	0.015	0.009	66.667	0.903	-6.476	-0.095	-3.392
0.7	0.020	0.012	50.000	0.871	-6.429	-0.127	-3.168
0.7	0.025	0.015	40.000	0.840	-6.400	-0.159	-3.008
0.7	0.030	0.017	33.333	0.807	-6.444	-0.191	-2.891
0.7	0.035	0.019	28.571	0.776	-6.402	-0.223	-2.800
0.7	0.040	0.021	25.000	0.747	-6.330	-0.255	-2.728
0.7	0.045	0.023	22.222	0.716	-6.314	-0.287	-2.672
0.7	0.050	0.024	20.000	0.680	-6.406	-0.319	-2.635
# 0.7	0.055	0.021	18.182	0.546	-8.246	-0.354	-2.708
# 0.7	0.060	0.020	16.667	0.474	-8.770	-0.399	-2.739
# 0.7	0.065	0.019	15.385	0.414	-9.014	-0.441	-2.760
# 0.7	0.070	0.018	14.286	0.370	-9.000	-0.489	-2.778
# 0.7	0.075	0.017	13.333	0.327	-8.968	-0.531	-2.794
# 0.7	0.080	0.017	12.500	0.309	-8.634	-0.578	-2.794
# 0.7	0.085	0.017	11.765	0.282	-8.447	-0.618	-2.801
# 0.7	0.090	0.019	11.111	0.309	-7.679	-0.661	-2.760
# 0.7	0.095	0.010	10.526	0.152	-8.923	-0.698	-2.899
# 0.7	0.100	0.009	10.000	0.136	-8.644	-0.748	-2.915
# 0.7	0.105	0.010	9.524	0.135	-8.241	-0.784	-2.903
# 0.7	0.110	0.009	9.091	0.121	-7.995	-0.831	-2.918
# 0.7	0.115	0.010	8.696	0.119	-7.665	-0.864	-2.908
# 0.7	0.120	0.010	8.333	0.114	-7.383	-0.908	-2.914
# 0.7	0.125	0.010	8.000	0.110	-7.118	-0.938	-2.907
# 0.7	0.130	0.009	7.692	0.103	-6.899	-0.979	-2.916
# 0.7	0.135	0.009	7.407	0.096	-6.699	-1.007	-2.913
# 0.7	0.140	0.009	7.143	0.092	-6.484	-1.046	-2.920
# 0.7	0.145	0.009	6.897	0.087	-6.299	-1.072	-2.916
# 0.7	0.150	0.009	6.667	0.082	-6.119	-1.109	-2.924
# 0.7	0.160	0.008	6.250	0.075	-5.778	-1.168	-2.925
# 0.7	0.170	0.008	5.882	0.070	-5.469	-1.224	-2.926
# 0.7	0.180	0.008	5.556	0.065	-5.196	-1.278	-2.928
# 0.7	0.190	0.009	5.263	0.064	-4.927	-1.328	-2.925
# 0.7	0.200	0.008	5.000	0.058	-4.711	-1.376	-2.928
# 0.7	0.220	0.008	4.545	0.051	-4.316	-1.467	-2.930
# 0.7	0.240	0.007	4.167	0.043	-3.987	-1.550	-2.934
# 0.7	0.260	0.007	3.846	0.036	-3.709	-1.627	-2.938
# 0.7	0.280	-0.002	3.571	-0.012	-3.614	-1.699	-2.984
# 0.7	0.300	0.006	3.333	0.028	-3.240	-1.769	-2.945
# 0.7	0.320	0.005	3.125	0.022	-3.055	-1.830	-2.947
# 0.7	0.340	0.004	2.941	0.019	-2.886	-1.892	-2.952
# 0.7	0.360	-0.003	2.778	-0.014	-2.816	-1.946	-2.981
# 0.7	0.380	-0.005	2.632	-0.017	-2.677	-2.004	-2.989
# 0.7	0.400	0.003	2.500	0.010	-2.474	-2.053	-2.959
# 0.7	0.420	-0.006	2.381	-0.020	-2.429	-2.104	-2.991
# 0.7	0.440	0.002	2.273	0.005	-2.261	-2.149	-2.965
# 0.7	0.460	-0.008	2.174	-0.024	-2.225	-2.195	-2.995
# 0.7	0.480	0.002	2.083	0.006	-2.070	-2.237	-2.965
# 0.7	0.500	0.002	2.000	0.005	-1.990	-2.278	-2.967
# 0.7	0.510	0.002	1.961	0.006	-1.950	-2.298	-2.966
# 0.7	0.520	-0.013	1.923	-0.035	-1.991	-2.318	-3.007
# 0.7	0.530	0.002	1.887	0.006	-1.876	-2.337	-2.967
# 0.7	0.540	0.001	1.852	0.002	-1.848	-2.355	-2.969
# 0.7	0.550	-0.017	1.818	-0.045	-1.899	-2.375	-3.017
# 0.7	0.560	0.001	1.786	0.004	-1.779	-2.393	-2.969
# 0.7	0.570	0.001	1.754	0.002	-1.751	-2.411	-2.971
# 0.7	0.580	0.000	1.724	0.000	-1.724	-2.428	-2.973
# 0.7	0.590	0.000	1.695	0.000	-1.695	-2.445	-2.973
# 0.7	0.600	-0.002	1.667	-0.004	-1.673	-2.462	-2.976
# 0.7	0.610	-0.008	1.639	-0.018	-1.669	-2.479	-2.991
# 0.7	0.620	-0.024	1.613	-0.055	-1.701	-2.495	-3.028
# 0.7	0.630	-0.077	1.587	-0.175	-1.865	-2.513	-3.150
# 0.7	0.640	-0.173	1.563	-0.385	-2.165	-2.533	-3.365
0.7	0.650	-0.172	1.538	-0.379	-2.121	-2.555	-3.365
0.7	0.660	-0.162	1.515	-0.352	-2.048	-2.575	-3.342
0.7	0.670	-0.146	1.493	-0.312	-1.958	-2.596	-3.308
0.7	0.680	-0.125	1.471	-0.263	-1.857	-2.615	-3.263
0.7	0.690	-0.095	1.449	-0.197	-1.735	-2.633	-3.201
0.7	0.700	-0.059	1.429	-0.121	-1.601	-2.649	-3.127
0.7	0.710	-0.016	1.408	-0.032	-1.453	-2.665	-3.039
0.7	0.720	0.035	1.389	0.070	-1.292	-2.678	-2.937
0.7	0.730	0.098	1.370	0.192	-1.107	-2.691	-2.814
0.7	0.740	0.167	1.351	0.323	-0.915	-2.700	-2.679
0.7	0.750	0.247	1.333	0.471	-0.705	-2.709	-2.526
0.7	0.760	0.337	1.316	0.634	-0.482	-2.714	-2.355
0.7	0.770	0.443	1.299	0.821	-0.232	-2.719	-2.159
0.7	0.780	0.555	1.282	1.017	0.022	-2.719	-1.951
0.7	0.790	0.683	1.266	1.234	0.296	-2.718	-1.720
0.7	0.800	0.826	1.250	1.475	0.593	-2.713	-1.462
0.75	0.000	0.000	0.000	1.000	-5.526	0.000	-999.000
0.75	0.005	0.004	200.000	0.973	-5.333	-0.027	-4.352
0.75	0.010	0.007	100.000	0.945	-5.467	-0.054	-3.714
0.75	0.015	0.010	66.667	0.918	-5.452	-0.082	-3.363
0.75	0.020	0.013	50.000	0.890	-5.500	-0.108	-3.131
0.75	0.025	0.016	40.000	0.866	-5.376	-0.136	-2.960
0.75	0.030	0.019	33.333	0.838	-5.393	-0.162	-2.831
0.75	0.035	0.021	28.571	0.811	-5.399	-0.190	-2.732
0.75	0.040	0.024	25.000	0.787	-5.325	-0.216	-2.648
0.75	0.045	0.026	22.222	0.760	-5.340	-0.244	-2.585
0.75	0.050	0.027	20.000	0.732	-5.360	-0.270	-2.533
0.75	0.055	0.029	18.182	0.707	-5.333	-0.297	-2.491
0.75	0.060	0.031	16.667	0.680	-5.341	-0.323	-2.457
0.75	0.065	0.032	15.385	0.654	-5.321	-0.350	-2.430
0.75	0.070	0.033	14.286	0.630	-5.287	-0.376	-2.406
0.75	0.075	0.034	13.333	0.601	-5.324	-0.403	-2.393
0.75	0.080	0.035	12.500	0.576	-5.302	-0.429	-2.379
# 0.75	0.085	0.033	11.765	0.513	-5.726	-0.457	-2.409
# 0.75	0.090	0.030	11.111	0.448	-6.135	-0.487	-2.447
# 0.75	0.095	0.028	10.526	0.398	-6.341	-0.518	-2.474
# 0.75	0.100	0.027	10.000	0.366	-6.337	-0.550	-2.486
# 0.75	0.105	0.025	9.524	0.321	-6.471	-0.582	-2.515
# 0.75	0.110	0.025	9.091	0.299	-6.371	-0.614	-2.522
# 0.75	0.115	0.023	8.696	0.262	-6.418	-0.646	-2.547
# 0.75	0.120	0.022	8.333	0.246	-6.287	-0.678	-2.553
# 0.75	0.125	0.022	8.000	0.233	-6.135	-0.709	-2.555
# 0.75	0.130	0.022	7.692	0.226	-5.955	-0.739	-2.554
# 0.75	0.135	0.022	7.407	0.217	-5.802	-0.768	-2.554
# 0.75	0.140	0.022	7.143	0.205	-5.677	-0.797	-2.558
# 0.75	0.145	0.021	6.897	0.193	-5.569	-0.825	-2.563
# 0.75	0.150	0.021	6.667	0.185	-5.434	-0.853	-2.565
# 0.75	0.160	0.021	6.250	0.171	-5.182	-0.906	-2.568
# 0.75	0.170	0.020	5.882	0.160	-4.942	-0.957	-2.569
# 0.75	0.180	0.020	5.556	0.149	-4.726	-1.005	-2.570
# 0.75	0.190	0.020	5.263	0.144	-4.507	-1.051	-2.568
# 0.75	0.200	0.020	5.000	0.135	-4.325	-1.095	-2.570
# 0.75	0.220	0.021	4.545	0.125	-3.979	-1.178	-2.568
# 0.75	0.240	0.019	4.167	0.105	-3.727	-1.255	-2.577
# 0.75	0.260	0.020	3.846	0.100	-3.460	-1.327	-2.574
# 0.75	0.280	0.013	3.571	0.064	-3.343	-1.394	-2.603
# 0.75	0.300	0.015	3.333	0.066	-3.112	-1.460	-2.598
# 0.75	0.320	0.018	3.125	0.075	-2.891	-1.519	-2.583
# 0.75	0.340	0.019	2.941	0.073	-2.727	-1.576	-2.582
# 0.75	0.360	0.018	2.778	0.066	-2.594	-1.628	-2.584
# 0.75	0.380	0.018	2.632	0.064	-2.463	-1.680	-2.583
# 0.75	0.400	0.019	2.500	0.062	-2.344	-1.727	-2.581
# 0.75	0.420	0.011	2.381	0.034	-2.301	-1.774	-2.608
# 0.75	0.440	0.016	2.273	0.049	-2.161	-1.818	-2.590
# 0.75	0.460	0.015	2.174	0.045	-2.077	-1.861	-2.593
# 0.75	0.480	0.016	2.083	0.043	-1.993	-1.901	-2.592
# 0.75	0.500	0.015	2.000	0.040	-1.919	-1.941	-2.594
# 0.75	0.510	0.015	1.961	0.040	-1.883	-1.960	-2.593
# 0.75	0.520	0.016	1.923	0.041	-1.844	-1.979	-2.592
# 0.75	0.530	0.016	1.887	0.040	-1.812	-1.997	-2.592
# 0.75	0.540	0.014	1.852	0.035	-1.786	-2.015	-2.596
# 0.75	0.550	0.012	1.818	0.030	-1.763	-2.033	-2.600
# 0.75	0.560	0.012	1.786	0.029	-1.735	-2.050	-2.601
# 0.75	0.570	0.008	1.754	0.020	-1.720	-2.067	-2.610
# 0.75	0.580	-0.013	1.724	-0.029	-1.774	-2.085	-2.658
# 0.75	0.590	-0.035	1.695	-0.078	-1.827	-2.103	-2.709
# 0.75	0.600	-0.084	1.667	-0.186	-1.976	-2.122	-2.818
0.75	0.610	-0.088	1.639	-0.193	-1.955	-2.142	-2.829
0.75	0.620	-0.083	1.613	-0.179	-1.901	-2.161	-2.817
0.75	0.630	-0.076	1.587	-0.160	-1.842	-2.180	-2.802
0.75	0.640	-0.063	1.563	-0.132	-1.768	-2.197	-2.775
0.75	0.650	-0.047	1.538	-0.096	-1.686	-2.215	-2.742
0.75	0.660	-0.026	1.515	-0.053	-1.595	-2.231	-2.699
0.75	0.670	0.000	1.493	0.000	-1.492	-2.247	-2.647
0.75	0.680	0.033	1.471	0.064	-1.376	-2.261	-2.582
0.75	0.690	0.072	1.449	0.139	-1.248	-2.274	-2.507
0.75	0.700	0.117	1.429	0.223	-1.110	-2.286	-2.419
0.75	0.710	0.173	1.408	0.325	-0.951	-2.297	-2.315
0.75	0.720	0.231	1.389	0.428	-0.794	-2.305	-2.205
0.75	0.730	0.303	1.370	0.553	-0.612	-2.312	-2.074
0.75	0.740	0.384	1.351	0.692	-0.416	-2.317	-1.926
0.75	0.750	0.473	1.333	0.841	-0.212	-2.321	-1.767
0.75	0.760	0.574	1.316	1.007	0.009	-2.321	-1.589
0.75	0.770	0.686	1.299	1.187	0.243	-2.320	-1.395
0.75	0.780	0.812	1.282	1.388	0.498	-2.316	-1.176
0.75	0.790	0.949	1.266	1.602	0.762	-2.310	-0.944
0.75	0.800	1.098	1.250	1.830	1.038	-2.301	-0.694
0.8	0.000	0.000	0.000	1.000	-4.827	0.000	-999.000
0.8	0.005	0.004	200.000	0.975	-5.000	-0.025	-4.348
0.8	0.010	0.008	100.000	0.953	-4.750	-0.049	-3.702
0.8	0.015	0.011	66.667	0.928	-4.778	-0.073	-3.344
0.8	0.020	0.015	50.000	0.906	-4.688	-0.097	-3.103
0.8	0.025	0.018	40.000	0.883	-4.700	-0.120	-2.926
0.8	0.030	0.021	33.333	0.860	-4.667	-0.144	-2.790
0.8	0.035	0.023	28.571	0.838	-4.622	-0.166	-2.680
0.8	0.040	0.026	25.000	0.817	-4.578	-0.190	-2.592
0.8	0.045	0.029	22.222	0.795	-4.562	-0.212	-2.518
0.8	0.050	0.031	20.000	0.770	-4.600	-0.236	-2.461
0.8	0.055	0.033	18.182	0.751	-4.529	-0.258	-2.407
0.8	0.060	0.035	16.667	0.730	-4.497	-0.281	-2.364
0.8	0.065	0.037	15.385	0.707	-4.506	-0.303	-2.329
0.8	0.070	0.039	14.286	0.689	-4.444	-0.326	-2.296
0.8	0.075	0.040	13.333	0.666	-4.449	-0.347	-2.271
0.8	0.080	0.041	12.500	0.645	-4.439	-0.370	-2.251
0.8	0.085	0.043	11.765	0.626	-4.405	-0.392	-2.231
0.8	0.090	0.044	11.111	0.606	-4.373	-0.415	-2.216
0.8	0.095	0.045	10.526	0.588	-4.341	-0.436	-2.202
0.8	0.100	0.046	10.000	0.570	-4.296	-0.458	-2.190
0.8	0.105	0.046	9.524	0.550	-4.288	-0.479	-2.183
0.8	0.110	0.047	9.091	0.531	-4.262	-0.501	-2.177
0.8	0.115	0.047	8.696	0.513	-4.236	-0.521	-2.171
# 0.8	0.120	0.047	8.333	0.488	-4.268	-0.543	-2.176
# 0.8	0.125	0.047	8.000	0.474	-4.207	-0.564	-2.169
# 0.8	0.130	0.045	7.692	0.432	-4.367	-0.586	-2.194
# 0.8	0.135	0.043	7.407	0.399	-4.453	-0.607	-2.211
# 0.8	0.140	0.041	7.143	0.369	-4.507	-0.630	-2.227
# 0.8	0.145	0.039	6.897	0.335	-4.589	-0.652	-2.249
# 0.8	0.150	0.038	6.667	0.321	-4.528	-0.676	-2.252
# 0.8	0.160	0.038	6.250	0.296	-4.402	-0.720	-2.257
# 0.8	0.170	0.038	5.882	0.281	-4.228	-0.764	-2.254
# 0.8	0.180	0.037	5.556	0.257	-4.128	-0.805	-2.263
# 0.8	0.190	0.037	5.263	0.246	-3.968	-0.846	-2.261
# 0.8	0.200	0.037	5.000	0.231	-3.843	-0.885	-2.263
# 0.8	0.220	0.037	4.545	0.212	-3.583	-0.959	-2.261
# 0.8	0.240	0.037	4.167	0.192	-3.368	-1.028	-2.264
# 0.8	0.260	0.037	3.846	0.176	-3.169	-1.094	-2.265
# 0.8	0.280	0.036	3.571	0.159	-3.004	-1.155	-2.269
# 0.8	0.300	0.037	3.333	0.154	-2.821	-1.214	-2.264
# 0.8	0.320	0.035	3.125	0.138	-2.695	-1.268	-2.270
# 0.8	0.340	0.036	2.941	0.131	-2.556	-1.322	-2.269
# 0.8	0.360	0.035	2.778	0.121	-2.440	-1.371	-2.271
# 0.8	0.380	0.035	2.632	0.115	-2.328	-1.419	-2.271
# 0.8	0.400	0.033	2.500	0.105	-2.238	-1.464	-2.276
# 0.8	0.420	0.035	2.381	0.103	-2.136	-1.509	-2.273
# 0.8	0.440	0.034	2.273	0.097	-2.052	-1.550	-2.273
# 0.8	0.460	0.032	2.174	0.086	-1.986	-1.591	-2.281
# 0.8	0.480	0.034	2.083	0.089	-1.897	-1.629	-2.273
# 0.8	0.500	0.031	2.000	0.076	-1.847	-1.667	-2.284
# 0.8	0.510	0.031	1.961	0.076	-1.812	-1.685	-2.283
# 0.8	0.520	0.025	1.923	0.060	-1.807	-1.703	-2.297
# 0.8	0.530	0.023	1.887	0.054	-1.785	-1.721	-2.302
# 0.8	0.540	-0.003	1.852	-0.006	-1.863	-1.739	-2.361
# 0.8	0.550	-0.010	1.818	-0.024	-1.861	-1.758	-2.380
# 0.8	0.560	-0.016	1.786	-0.035	-1.849	-1.776	-2.392
0.8	0.570	-0.016	1.754	-0.035	-1.815	-1.795	-2.392
0.8	0.580	-0.011	1.724	-0.023	-1.763	-1.813	-2.380
0.8	0.590	-0.005	1.695	-0.010	-1.712	-1.830	-2.368
0.8	0.600	0.001	1.667	0.002	-1.664	-1.847	-2.356
0.8	0.610	0.012	1.639	0.024	-1.600	-1.864	-2.334
0.8	0.620	0.024	1.613	0.049	-1.534	-1.879	-2.308
0.8	0.630	0.041	1.587	0.082	-1.458	-1.894	-2.275
0.8	0.640	0.062	1.563	0.122	-1.372	-1.908	-2.233
0.8	0.650	0.087	1.538	0.168	-1.280	-1.922	-2.184
0.8	0.660	0.117	1.515	0.222	-1.178	-1.934	-2.127
0.8	0.670	0.152	1.493	0.283	-1.071	-1.945	-2.063
0.8	0.680	0.194	1.471	0.356	-0.947	-1.955	-1.985
0.8	0.690	0.240	1.449	0.434	-0.820	-1.964	-1.901
0.8	0.700	0.296	1.429	0.529	-0.673	-1.971	-1.799
0.8	0.710	0.357	1.408	0.629	-0.523	-1.978	-1.691
0.8	0.720	0.429	1.389	0.744	-0.355	-1.982	-1.566
0.8	0.730	0.508	1.370	0.870	-0.179	-1.985	-1.430
0.8	0.740	0.599	1.351	1.012	0.016	-1.985	-1.275
0.8	0.750	0.696	1.333	1.160	0.214	-1.984	-1.112
0.8	0.760	0.806	1.316	1.326	0.429	-1.981	-0.929
0.8	0.770	0.927	1.299	1.505	0.656	-1.976	-0.732
0.8	0.780	1.060	1.282	1.699	0.896	-1.968	-0.518
0.8	0.790	1.207	1.266	1.910	1.152	-1.958	-0.284
0.8	0.800	1.365	1.250	2.133	1.416	-1.945	-0.035
0.85	0.000	0.000	0.000	1.000	-4.244	0.000	-999.000
0.85	0.005	0.004	200.000	0.976	-4.706	-0.022	-4.344
0.85	0.010	0.008	100.000	0.958	-4.235	-0.046	-3.693
0.85	0.015	0.012	66.667	0.937	-4.183	-0.065	-3.328
0.85	0.020	0.016	50.000	0.919	-4.059	-0.087	-3.080
0.85	0.025	0.019	40.000	0.898	-4.085	-0.106	-2.897
0.85	0.030	0.022	33.333	0.878	-4.078	-0.128	-2.757
0.85	0.035	0.026	28.571	0.858	-4.062	-0.147	-2.642
0.85	0.040	0.029	25.000	0.840	-3.993	-0.169	-2.547
0.85	0.045	0.031	22.222	0.820	-4.003	-0.187	-2.468
0.85	0.050	0.034	20.000	0.802	-3.962	-0.208	-2.402
0.85	0.055	0.037	18.182	0.784	-3.932	-0.227	-2.343
0.85	0.060	0.039	16.667	0.766	-3.899	-0.248	-2.295
0.85	0.065	0.041	15.385	0.749	-3.859	-0.266	-2.250
0.85	0.070	0.044	14.286	0.731	-3.839	-0.286	-2.214
0.85	0.075	0.045	13.333	0.711	-3.850	-0.304	-2.183
0.85	0.080	0.047	12.500	0.694	-3.831	-0.325	-2.157
0.85	0.085	0.049	11.765	0.679	-3.776	-0.342	-2.128
0.85	0.090	0.051	11.111	0.664	-3.730	-0.363	-2.106
0.85	0.095	0.052	10.526	0.645	-3.733	-0.380	-2.088
0.85	0.100	0.054	10.000	0.630	-3.695	-0.400	-2.072
0.85	0.105	0.055	9.524	0.614	-3.676	-0.417	-2.057
0.85	0.110	0.056	9.091	0.598	-3.653	-0.437	-2.046
0.85	0.115	0.057	8.696	0.583	-3.629	-0.453	-2.034
0.85	0.120	0.058	8.333	0.571	-3.576	-0.473	-2.022
0.85	0.125	0.059	8.000	0.554	-3.564	-0.489	-2.014
0.85	0.130	0.060	7.692	0.542	-3.524	-0.509	-2.007
0.85	0.135	0.060	7.407	0.524	-3.523	-0.524	-2.002
0.85	0.140	0.061	7.143	0.512	-3.483	-0.544	-1.997
0.85	0.145	0.062	6.897	0.500	-3.450	-0.559	-1.991
0.85	0.150	0.062	6.667	0.484	-3.437	-0.578	-1.991
0.85	0.160	0.063	6.250	0.461	-3.369	-0.612	-1.984
0.85	0.170	0.063	5.882	0.435	-3.323	-0.646	-1.983
0.85	0.180	0.064	5.556	0.415	-3.248	-0.679	-1.978
0.85	0.190	0.064	5.263	0.393	-3.193	-0.711	-1.978
# 0.85	0.200	0.062	5.000	0.363	-3.185	-0.743	-1.989
# 0.85	0.220	0.061	4.545	0.324	-3.074	-0.806	-1.996
# 0.85	0.240	0.059	4.167	0.290	-2.957	-0.866	-2.002
# 0.85	0.260	0.058	3.846	0.264	-2.830	-0.924	-2.007
# 0.85	0.280	0.059	3.571	0.247	-2.690	-0.979	-2.005
# 0.85	0.300	0.058	3.333	0.229	-2.570	-1.032	-2.007
# 0.85	0.320	0.059	3.125	0.216	-2.451	-1.082	-2.005
# 0.85	0.340	0.058	2.941	0.200	-2.352	-1.130	-2.008
# 0.85	0.360	0.058	2.778	0.190	-2.249	-1.176	-2.007
# 0.85	0.380	0.056	2.632	0.175	-2.172	-1.220	-2.013
# 0.85	0.400	0.057	2.500	0.168	-2.079	-1.262	-2.010
# 0.85	0.420	0.056	2.381	0.157	-2.007	-1.303	-2.014
# 0.85	0.440	0.054	2.273	0.146	-1.942	-1.343	-2.018
# 0.85	0.460	0.052	2.174	0.134	-1.884	-1.381	-2.024
# 0.85	0.480	0.047	2.083	0.115	-1.843	-1.418	-2.037
# 0.85	0.500	0.044	2.000	0.104	-1.793	-1.455	-2.044
0.85	0.510	0.043	1.961	0.099	-1.767	-1.472	-2.047
0.85	0.520	0.045	1.923	0.101	-1.729	-1.490	-2.043
0.85	0.530	0.048	1.887	0.106	-1.687	-1.507	-2.036
0.85	0.540	0.051	1.852	0.111	-1.647	-1.524	-2.029
0.85	0.550	0.056	1.818	0.119	-1.602	-1.540	-2.019
0.85	0.560	0.060	1.786	0.127	-1.559	-1.556	-2.009
0.85	0.570	0.068	1.754	0.141	-1.508	-1.571	-1.993
0.85	0.580	0.076	1.724	0.154	-1.458	-1.586	-1.976
0.85	0.590	0.089	1.695	0.177	-1.395	-1.600	-1.951
0.85	0.600	0.104	1.667	0.203	-1.328	-1.614	-1.922
0.85	0.610	0.121	1.639	0.233	-1.258	-1.627	-1.888
0.85	0.620	0.140	1.613	0.265	-1.185	-1.639	-1.852
0.85	0.630	0.164	1.587	0.306	-1.102	-1.650	-1.807
0.85	0.640	0.193	1.563	0.354	-1.009	-1.661	-1.753
0.85	0.650	0.224	1.538	0.405	-0.915	-1.671	-1.696
0.85	0.660	0.261	1.515	0.464	-0.812	-1.679	-1.630
0.85	0.670	0.304	1.493	0.534	-0.696	-1.687	-1.554
0.85	0.680	0.352	1.471	0.609	-0.576	-1.693	-1.470
0.85	0.690	0.409	1.449	0.697	-0.439	-1.698	-1.373
0.85	0.700	0.474	1.429	0.796	-0.291	-1.702	-1.262
0.85	0.710	0.543	1.408	0.900	-0.140	-1.704	-1.146
0.85	0.720	0.622	1.389	1.017	0.023	-1.705	-1.016
0.85	0.730	0.708	1.370	1.140	0.192	-1.704	-0.878
0.85	0.740	0.806	1.351	1.281	0.380	-1.701	-0.720
0.85	0.750	0.914	1.333	1.434	0.579	-1.696	-0.550
0.85	0.760	1.031	1.316	1.596	0.784	-1.689	-0.368
0.85	0.770	1.162	1.299	1.775	1.007	-1.680	-0.166
0.85	0.780	1.304	1.282	1.967	1.240	-1.669	0.049
0.85	0.790	1.462	1.266	2.177	1.490	-1.655	0.286
0.85	0.800	1.630	1.250	2.397	1.746	-1.639	0.535
# Simulated by NVT monte carlo and finite size analysis (Ailo, July 2023)
0.55    0.005   0.00260   0 0 0 0 0
0.55    0.010   0.00488   0 0 0 0 0
0.55    0.015   0.00682   0 0 0 0 0
0.55    0.020   0.00825   0 0 0 0 0
0.60    0.010   0.005460   0 0 0 0 0
0.60    0.015   0.00777   0 0 0 0 0
0.60    0.020   0.00975   0 0 0 0 0
0.60    0.025   0.0114   0 0 0 0 0
0.60    0.030   0.0127   0 0 0 0 0
